Avg: 0.21111111111111103
Min: 0.2
Std: 0.08089010988089464